cigar	s1_reads-1	s2_reads-1	s1_rpt-1	s2_rpt-1	s2_s1_ratio-1	deletion_count-1	insertion_count-1	indel_length-1	frame_effect-1	log2_score-1	mutation_type-1	frame_mutation-1	s1_reads-2	s2_reads-2	s1_rpt-2	s2_rpt-2	s2_s1_ratio-2	deletion_count-2	insertion_count-2	indel_length-2	frame_effect-2	log2_score-2	mutation_type-2	frame_mutation-2	log2_score_mean	normalised_score
106M8D140M	30907	11469	191.785497102	91.5308614388	0.47725642878	1	0	8	frame_shift	-1.0671634636142358	deletion	frame_shift_deletion	29845	14759	192.85695823	85.4746888592	0.44320251467	1	0	8	frame_shift	-1.1739620278241638	deletion	frame_shift_deletion	-1.1205627457191998	-2.957963135546717
254M	27675	75336	171.73014632	601.235415237	3.50104759194	0	0	0	no_indel	1.8077866733600043	no_indel	no_indel	27256	110936	176.126964433	642.470362713	3.64776832883	0	0	0	no_indel	1.8670141062950296	no_indel	no_indel	1.837400389827517	0.0
108M7D139M	12489	4752	77.4973007186	37.9243747107	0.489363814727	1	0	7	frame_shift	-1.03102066744625	deletion	frame_shift_deletion	11762	5881	76.0054797353	34.0589907975	0.448112306062	1	0	7	frame_shift	-1.1580677485557496	deletion	frame_shift_deletion	-1.094544208001	-2.931944597828517
110M1I144M	4633	1053	28.7488985691	8.40369666885	0.292313691554	0	1	1	frame_shift	-1.7744106903945918	insertion	frame_shift_insertion	3843	1381	24.8332816377	7.99786877935	0.32206250048	0	1	1	frame_shift	-1.634587405358874	insertion	frame_shift_insertion	-1.704499047876733	-3.54189943770425
109M30D115M	2895	974	17.9641833277	7.77321990072	0.43270655609	1	0	30	in_frame	-1.2085391151793812	deletion	in_frame_deletion	2906	1101	18.7784325889	6.37628785378	0.339553784566	1	0	30	in_frame	-1.5582879826238243	deletion	in_frame_deletion	-1.3834135489016028	-3.22081393872912
104M24D126M	2444	759	15.1656179803	6.05736540518	0.399414347179	1	0	24	in_frame	-1.3240419387899107	deletion	in_frame_deletion	2464	1148	15.9222497932	6.64848179486	0.417559194285	1	0	24	in_frame	-1.2599473625751203	deletion	in_frame_deletion	-1.2919946506825155	-3.1293950405100324
111M1I143M	2223	683	13.7942589076	5.4508307928	0.395152130267	0	1	1	frame_shift	-1.3395199091221026	insertion	frame_shift_insertion	1993	731	12.8786703888	4.23348448784	0.328720617894	0	1	1	frame_shift	-1.6050661474421546	insertion	frame_shift_insertion	-1.4722930282821287	-3.309693418109646
102M23D129M	2159	818	13.3971232486	6.52822780163	0.487285791174	1	0	23	frame_shift	-1.0371599394650153	deletion	frame_shift_deletion	2042	966	13.195306038	5.59445419323	0.423973053532	1	0	23	frame_shift	-1.2379555205968447	deletion	frame_shift_deletion	-1.13755773003093	-2.974958119858447
106M21D127M	1992	711	12.3608473882	5.67429091315	0.459053553122	1	0	21	in_frame	-1.1232656268327237	deletion	in_frame_deletion	1787	737	11.5475082713	4.26823265053	0.369623692857	1	0	21	in_frame	-1.4358708585020155	deletion	in_frame_deletion	-1.2795682426673696	-3.1169686324948866
105M45D104M	1826	849	11.3307767725	6.77563007773	0.597984605447	1	0	45	in_frame	-0.7418197508170765	deletion	in_frame_deletion	1926	865	12.445719603	5.00952678794	0.40251001531	1	0	45	in_frame	-1.312903413875494	deletion	in_frame_deletion	-1.0273615823462854	-2.8647619721738025
111M7D136M	1233	344	7.65106668156	2.74536719286	0.358821496025	1	0	7	frame_shift	-1.478661774084706	deletion	frame_shift_deletion	1024	318	6.6170388751	1.84165262262	0.278319752593	1	0	7	frame_shift	-1.8451847932724066	deletion	frame_shift_deletion	-1.6619232836785562	-3.4993236735060735
110M11D133M	1217	407	7.55178276679	3.24815246365	0.430117306595	1	0	11	frame_shift	-1.217197912834156	deletion	frame_shift_deletion	1216	396	7.85773366419	2.2933787376	0.291862620396	1	0	11	frame_shift	-1.7766386419179692	deletion	frame_shift_deletion	-1.4969182773760625	-3.3343186672035796
111M8D135M	1170	345	7.26013626717	2.75334791145	0.379241905403	1	0	8	frame_shift	-1.3988097071891548	deletion	frame_shift_deletion	906	323	5.85452853598	1.87060942486	0.319514955536	1	0	8	frame_shift	-1.6460446339102326	deletion	frame_shift_deletion	-1.5224271705496937	-3.3598275603772105
102M18D134M	898	402	5.57230971617	3.20824887073	0.575748483868	1	0	18	in_frame	-0.796489387946962	deletion	in_frame_deletion	891	220	5.75759925558	1.27409929867	0.221290027685	1	0	18	in_frame	-2.1759896565526096	deletion	in_frame_deletion	-1.4862395222497857	-3.3236399120773026
110M3D141M	853	219	5.2930737059	1.74777736987	0.330200837356	1	0	3	in_frame	-1.5985843161025244	deletion	in_frame_deletion	741	304	4.78830645161	1.76057357634	0.367681892153	1	0	3	in_frame	-1.4434699674197082	deletion	in_frame_deletion	-1.5210271417611163	-3.3584275315886334
106M30D118M	831	243	5.15655832309	1.93931461589	0.376087012766	1	0	30	in_frame	-1.4108616075508722	deletion	in_frame_deletion	702	301	4.53629032258	1.74319949499	0.38427864423	1	0	30	in_frame	-1.3797752920998807	deletion	in_frame_deletion	-1.3953184498253766	-3.2327188396528936
111M1D142M	705	201	4.37469749432	1.60412443536	0.36668236774	1	0	1	frame_shift	-1.4473972004921496	deletion	frame_shift_deletion	732	314	4.73014888337	1.81848718082	0.384446076785	1	0	1	frame_shift	-1.379146837949785	deletion	frame_shift_deletion	-1.4132720192209673	-3.2506724090484846
104M113D37M	669	317	4.1513086861	2.5298877911	0.609419337947	1	0	113	frame_shift	-0.7144928148866021	deletion	frame_shift_deletion	725	425	4.68491521919	2.46132819061	0.525373048486	1	0	113	frame_shift	-0.928585902434308	deletion	frame_shift_deletion	-0.8215393586604551	-2.658939748487972
110M1D143M	668	177	4.14510344143	1.41258718935	0.340784544779	1	0	1	frame_shift	-1.5530681867775262	deletion	frame_shift_deletion	792	289	5.11786600496	1.67370316961	0.327031455687	1	0	1	frame_shift	-1.6124986861331876	deletion	frame_shift_deletion	-1.5827834364553568	-3.420183826282874
108M114D32M	661	200	4.10166672872	1.59614371678	0.389145150581	1	0	114	in_frame	-1.3616197161178267	deletion	in_frame_deletion	542	273	3.50237799835	1.58104140244	0.451419407952	1	0	114	in_frame	-1.1474596489889903	deletion	in_frame_deletion	-1.2545396825534085	-3.0919400723809254
111M2D141M	625	163	3.8782779205	1.30085712918	0.335421327672	1	0	2	frame_shift	-1.5759536697049068	deletion	frame_shift_deletion	526	208	3.39898676592	1.20460297328	0.354400607076	1	0	2	frame_shift	-1.4965470197055357	deletion	frame_shift_deletion	-1.5362503447052211	-3.3736507345327382
109M3D142M	619	208	3.84104645246	1.65998946545	0.432171150752	1	0	3	in_frame	-1.2103253254575719	deletion	in_frame_deletion	659	409	4.25842638544	2.36866642343	0.55623044971	1	0	3	in_frame	-0.8462453706213676	deletion	in_frame_deletion	-1.0282853480394698	-2.865685737866987
110M2D142M	608	270	3.77278876106	2.15479401765	0.571140913028	1	0	2	frame_shift	-0.8080813607773294	deletion	frame_shift_deletion	696	436	4.49751861042	2.52503315554	0.561428061618	1	0	2	frame_shift	-0.8328269196273153	deletion	frame_shift_deletion	-0.8204541402023223	-2.6578545300298395
103M45D106M	603	235	3.7417625377	1.87546886722	0.501226052782	1	0	45	in_frame	-0.9964666897197165	deletion	in_frame_deletion	602	229	3.89009511993	1.3262215427	0.340922651456	1	0	45	in_frame	-1.5524836372176922	deletion	in_frame_deletion	-1.2744751634687044	-3.1118755532962217
109M2D143M	582	160	3.61145239957	1.27691497342	0.35357380692	1	0	2	frame_shift	-1.4999166924043288	deletion	frame_shift_deletion	470	252	3.03711745244	1.45942283302	0.480528940968	1	0	2	frame_shift	-1.0573047716226727	deletion	frame_shift_deletion	-1.2786107320135007	-3.1160111218410176
102M96D56M	578	227	3.58663142088	1.81162311855	0.505104346101	1	0	96	in_frame	-0.9853466395934306	deletion	in_frame_deletion	515	244	3.32790529363	1.41309194943	0.42461903953	1	0	96	in_frame	-1.2357590330654626	deletion	in_frame_deletion	-1.1105528363294466	-2.9479532261569634
107M9D138M	561	192	3.48114226144	1.53229796811	0.44017102808	1	0	9	in_frame	-1.1838639042713242	deletion	in_frame_deletion	425	152	2.74632961125	0.880286788169	0.320532096571	1	0	9	in_frame	-1.6414592661390603	deletion	in_frame_deletion	-1.4126615852051922	-3.2500619750327093
111M6D137M	516	185	3.20190625116	1.47643293802	0.461110607934	1	0	6	in_frame	-1.1168152392920683	deletion	in_frame_deletion	401	179	2.59124276261	1.03665352028	0.400060363018	1	0	6	in_frame	-1.3217103977462155	deletion	in_frame_deletion	-1.2192628185191419	-3.056663208346659
101M21D132M	516	219	3.20190625116	1.74777736987	0.545855260203	1	0	21	in_frame	-0.8734096402070783	deletion	in_frame_deletion	551	309	3.56053556658	1.78953037858	0.502601461245	1	0	21	in_frame	-0.9925132292242047	deletion	in_frame_deletion	-0.9329614347156415	-2.7703618245431585
100M20D134M	494	175	3.06539086836	1.39662575218	0.455610984752	1	0	20	frame_shift	-1.1341255641359131	deletion	frame_shift_deletion	415	212	2.68171009098	1.22776841508	0.457830404266	1	0	20	frame_shift	-1.1271148202260628	deletion	frame_shift_deletion	-1.130620192180988	-2.968020582008505
107M115D32M	494	182	3.06539086836	1.45249078227	0.473835424142	1	0	115	frame_shift	-1.0775420357697894	deletion	frame_shift_deletion	465	181	3.00480769231	1.04823624118	0.348853021063	1	0	115	frame_shift	-1.5193087674692631	deletion	frame_shift_deletion	-1.2984254016195262	-3.1358257914470435
110M12D132M	470	117	2.91646499621	0.933744074316	0.320162962877	1	0	12	in_frame	-1.6431216713686023	deletion	in_frame_deletion	379	151	2.44907981803	0.874495427721	0.357071019606	1	0	12	in_frame	-1.4857170474022954	deletion	in_frame_deletion	-1.564419359385449	-3.401819749212966
110M16D128M	467	172	2.8978492622	1.37268359643	0.473690476016	1	0	16	frame_shift	-1.0779834293911408	deletion	frame_shift_deletion	483	179	3.12112282878	1.03665352028	0.332141212361	1	0	16	frame_shift	-1.5901313501257643	deletion	frame_shift_deletion	-1.3340573897584527	-3.1714577795859697
100M25D129M	457	133	2.83579681547	1.06143557166	0.374298879902	1	0	25	frame_shift	-1.4177373639410928	deletion	frame_shift_deletion	327	137	2.11305831266	0.793416381442	0.375482482755	1	0	25	frame_shift	-1.4131824910945157	deletion	frame_shift_deletion	-1.4154599275178041	-3.252860317345321
103M7D144M	455	120	2.82338632612	0.957686230068	0.339197729056	1	0	7	frame_shift	-1.5598015838618822	deletion	frame_shift_deletion	475	208	3.06942721257	1.20460297328	0.392452040677	1	0	7	frame_shift	-1.349411733634647	deletion	frame_shift_deletion	-1.4546066587482644	-3.2920070485757815
103M8D143M	451	117	2.79856534743	0.933744074316	0.333650981269	1	0	8	frame_shift	-1.583588348057747	deletion	frame_shift_deletion	509	217	3.28913358147	1.25672521732	0.382083970198	1	0	8	frame_shift	-1.3880383621879002	deletion	frame_shift_deletion	-1.4858133551228236	-3.3232137449503405
111M9D134M	440	151	2.73030765603	1.20508850617	0.441374620734	1	0	9	in_frame	-1.1799244185862305	deletion	in_frame_deletion	381	108	2.46200372208	0.625466928436	0.254047921547	1	0	9	in_frame	-1.9768274338853793	deletion	in_frame_deletion	-1.5783759262358048	-3.415776316063322
109M54D91M	436	174	2.70548667734	1.3886450336	0.51326995813	1	0	54	in_frame	-0.9622102733126433	deletion	in_frame_deletion	383	176	2.47492762614	1.01927943893	0.411842119409	1	0	54	in_frame	-1.2798367118450282	deletion	in_frame_deletion	-1.1210234925788358	-2.958423882406353
111M10D133M	421	159	2.61240800725	1.26893425484	0.485733565094	1	0	10	frame_shift	-1.0417629121668202	deletion	frame_shift_deletion	454	149	2.93372622002	0.862912706824	0.294135390323	1	0	10	frame_shift	-1.7654477153827095	deletion	frame_shift_deletion	-1.4036053137747648	-3.2410057036022817
106M5D143M	417	107	2.58758702856	0.853936888477	0.330012818527	1	0	5	frame_shift	-1.5994060314278833	deletion	frame_shift_deletion	313	127	2.02259098428	0.735502776957	0.363643852204	1	0	5	frame_shift	-1.459401908714884	deletion	frame_shift_deletion	-1.5294039700713835	-3.3668043598989006
108M4D142M	371	200	2.30214577361	1.59614371678	0.693328691466	1	0	4	frame_shift	-0.5283886312318079	deletion	frame_shift_deletion	433	164	2.79802522746	0.949783113551	0.339447659095	1	0	4	frame_shift	-1.5587389586663636	deletion	frame_shift_deletion	-1.0435637949490857	-2.8809641847766025
111M2I143M	359	94	2.22768283753	0.750187546887	0.336756891173	0	1	2	frame_shift	-1.5702206265289882	insertion	frame_shift_insertion	255	119	1.64779776675	0.689171893369	0.418238152324	0	1	2	frame_shift	-1.2576034221085035	insertion	frame_shift_insertion	-1.413912024318746	-3.251312414146263
101M40D113M	346	146	2.14701465679	1.16518491325	0.542700027485	1	0	40	frame_shift	-0.881773113141874	deletion	frame_shift_deletion	246	77	1.58964019851	0.445934754533	0.280525589974	1	0	40	frame_shift	-1.8337957131989173	deletion	frame_shift_deletion	-1.3577844131703958	-3.195184802997913
105M6D143M	327	102	2.029115008	0.814033295558	0.401176518998	1	0	6	in_frame	-1.3176909279116107	deletion	in_frame_deletion	264	88	1.70595533499	0.509639719466	0.298741537375	1	0	6	in_frame	-1.743030249275296	deletion	in_frame_deletion	-1.5303605885934535	-3.3677609784209706
109M64D81M	322	147	1.99808878464	1.17316563183	0.587143895132	1	0	64	frame_shift	-0.7682139776632354	deletion	frame_shift_deletion	330	211	2.13244416873	1.22197705463	0.573040585328	1	0	64	frame_shift	-0.8032907740938005	deletion	frame_shift_deletion	-0.7857523758785179	-2.6231527657060347
101M9D144M	321	93	1.99188353997	0.742206828303	0.372615573858	1	0	9	in_frame	-1.424240120398059	deletion	in_frame_deletion	286	162	1.84811827957	0.938200392654	0.507651703371	1	0	9	in_frame	-0.9780890824493355	deletion	in_frame_deletion	-1.2011646014236972	-3.0385649912512145
108M3D143M	307	156	1.90501011455	1.24499209909	0.653535689696	1	0	3	in_frame	-0.613662070891928	deletion	in_frame_deletion	272	165	1.7576509512	0.955574474	0.543665665443	1	0	3	in_frame	-0.8792083755599219	deletion	in_frame_deletion	-0.746435223225925	-2.5838356130534423
103M19D132M	298	97	1.84916291249	0.774129702638	0.418637913084	1	0	19	frame_shift	-1.256225122659638	deletion	frame_shift_deletion	228	121	1.47332506203	0.700754614266	0.475627973978	1	0	19	frame_shift	-1.072094525446163	deletion	frame_shift_deletion	-1.1641598240529003	-3.0015602138804174
107M7D140M	279	111	1.73126326371	0.885859762813	0.511684029449	1	0	7	frame_shift	-0.9666748898651718	deletion	frame_shift_deletion	252	109	1.62841191067	0.631258288885	0.387652709212	1	0	7	frame_shift	-1.3671633472800984	deletion	frame_shift_deletion	-1.166919118572635	-3.004319508400152
111M4D139M	273	63	1.69403179567	0.502785270786	0.296798012924	1	0	4	frame_shift	-1.752446661804278	deletion	frame_shift_deletion	222	101	1.43455334988	0.584927405297	0.407741828038	1	0	4	frame_shift	-1.2942721321554633	deletion	frame_shift_deletion	-1.5233593969798707	-3.360759786807388
106M32D116M	266	51	1.65059508296	0.407016647779	0.246587822768	1	0	32	frame_shift	-2.0198265379121882	deletion	frame_shift_deletion	209	115	1.35054797353	0.666006451576	0.49313794447	1	0	32	frame_shift	-1.0199368296926772	deletion	frame_shift_deletion	-1.5198816838024327	-3.35728207362995
110M8D136M	263	43	1.63197934895	0.343170899108	0.210278947053	1	0	8	frame_shift	-2.249623678971929	deletion	frame_shift_deletion	220	95	1.42162944582	0.550179242606	0.387006082508	1	0	8	frame_shift	-1.3695718537498003	deletion	frame_shift_deletion	-1.8095977663608647	-3.6469981561883817
107M4D143M	253	76	1.56992690222	0.606534612376	0.386345766494	1	0	4	frame_shift	-1.3720355056348994	deletion	frame_shift_deletion	264	67	1.70595533499	0.388021150048	0.227450943228	1	0	4	frame_shift	-2.1363726774592178	deletion	frame_shift_deletion	-1.7542040915470585	-3.5916044813745756
110M51D93M	218	83	1.35274333867	0.662399642464	0.489671339365	1	0	51	in_frame	-1.0301143378156319	deletion	in_frame_deletion	195	92	1.26008064516	0.53280516126	0.422834175976	1	0	51	in_frame	-1.2418361062498873	deletion	in_frame_deletion	-1.1359752220327595	-2.9733756118602765
107M51D96M	206	86	1.2782804026	0.686341798216	0.536925855095	1	0	51	in_frame	-0.8972052168668624	deletion	in_frame_deletion	209	50	1.35054797353	0.289568022424	0.214407801943	1	0	51	in_frame	-2.2215706908655455	deletion	in_frame_deletion	-1.5593879538662039	-3.396788343693721
105M19D130M	203	59	1.25966466858	0.47086239645	0.373799796244	1	0	19	frame_shift	-1.4196623122083867	deletion	frame_shift_deletion	171	54	1.10499379653	0.312733464218	0.283018298565	1	0	19	frame_shift	-1.8210327612805934	deletion	frame_shift_deletion	-1.62034753674449	-3.457747926572007
105M18D131M	190	79	1.17899648783	0.630476768128	0.534757121531	1	0	18	in_frame	-0.9030443045395028	deletion	in_frame_deletion	196	76	1.26654259719	0.440143394085	0.347515665925	1	0	18	in_frame	-1.5248500792299988	deletion	in_frame_deletion	-1.2139471918847509	-3.051347581712268
105M42D107M	172	88	1.06730208372	0.702303235383	0.658017299971	1	0	42	in_frame	-0.6038025804492276	deletion	in_frame_deletion	166	114	1.07268403639	0.660215091127	0.615479552904	1	0	42	in_frame	-0.7002171657389492	deletion	in_frame_deletion	-0.6520098730940884	-2.4894102629216057
