cigar	s1_reads-1	s2_reads-1	s1_rpt-1	s2_rpt-1	s2_s1_ratio-1	deletion_count-1	insertion_count-1	indel_length-1	frame_effect-1	log2_score-1	mutation_type-1	frame_mutation-1	s1_reads-2	s2_reads-2	s1_rpt-2	s2_rpt-2	s2_s1_ratio-2	deletion_count-2	insertion_count-2	indel_length-2	frame_effect-2	log2_score-2	mutation_type-2	frame_mutation-2	log2_score_mean	normalised_score
225M	801675	682573	501.699397779	609.286768867	1.21444588446	0	0	0	no_indel	0.2802982051153086	no_indel	no_indel	431655	901661	502.038836758	608.104180029	1.21126919972	0	0	0	no_indel	0.2765195338519555	no_indel	no_indel	0.2784088694836321	0.0
121M1I104M	128196	14882	80.2268450403	13.2841552395	0.165582421106	0	1	1	frame_shift_B	-2.5943785762129403	insertion	frame_shift_B_insertion	60072	17044	69.867085987	11.4949273002	0.164525643768	0	1	1	frame_shift_B	-2.6036156279263927	insertion	frame_shift_B_insertion	-2.5989971020696663	-2.8774059715532982
119M3D103M	105362	118737	65.9370093228	105.988492183	1.60742037396	1	0	3	in_frame	0.6847472732059326	deletion	in_frame_deletion	53845	162547	62.6247377309	109.626023695	1.75052267949	1	0	3	in_frame	0.8077857532121739	deletion	in_frame_deletion	0.7462665132090534	0.46785764372542127
117M5D103M	103322	25614	64.6603488662	22.8638860573	0.353599794281	1	0	5	frame_shift_B	-1.4998106594958782	deletion	frame_shift_B_deletion	53294	36253	61.9838940037	24.4499882313	0.394457118647	1	0	5	frame_shift_B	-1.3420596212084464	deletion	frame_shift_B_deletion	-1.4209351403521624	-1.6993440098357944
118M6D101M	44458	48736	27.8224365565	43.5033321967	1.56360612444	1	0	6	in_frame	0.6448771405980608	deletion	in_frame_deletion	23161	65061	26.9375346009	43.8788702815	1.62891188565	1	0	6	in_frame	0.7039085648370426	deletion	in_frame_deletion	0.6743928527175517	0.3959839832339196
106M20D99M	11341	1761	7.09735599865	1.57192564015	0.221480455602	1	0	20	frame_shift_B	-2.174748700170864	deletion	frame_shift_B_deletion	5807	2233	6.75386483431	1.50599464101	0.222982644449	1	0	20	frame_shift_B	-2.1649966705792867	deletion	frame_shift_B_deletion	-2.1698726853750756	-2.4482815548587076
110M15D100M	9225	8769	5.773133682	7.82749343469	1.3558482907	1	0	15	in_frame	0.43919576070192373	deletion	in_frame_deletion	4867	10333	5.66059241409	6.96885025773	1.23111677152	1	0	15	in_frame	0.29996760804745276	deletion	in_frame_deletion	0.36958168437468825	0.09117281489105616
112M10D103M	7633	6754	4.77683787476	6.02883916728	1.26209834316	1	0	10	frame_shift_A	0.3358243300205053	deletion	frame_shift_A_deletion	3957	9261	4.60221166685	6.24586492179	1.35714421107	1	0	10	frame_shift_A	0.44057403066187645	deletion	frame_shift_A_deletion	0.3881991803411909	0.1097903108575588
113M22D90M	6702	4868	4.19420508799	4.34533447828	1.03603290424	1	0	22	frame_shift_A	0.051069823516775775	deletion	frame_shift_A_deletion	3722	6100	4.32889356179	4.11400237803	0.950358866372	1	0	22	frame_shift_A	-0.07345570042099521	deletion	frame_shift_A_deletion	-0.011192938452109717	-0.2896018079357418
106M25D94M	6157	3937	3.85313648564	3.51429372247	0.912060534468	1	0	25	frame_shift_A	-0.13279851405158255	deletion	frame_shift_A_deletion	3457	5136	4.02068378375	3.46385511698	0.861508962973	1	0	25	frame_shift_A	-0.2150622888382608	deletion	frame_shift_A_deletion	-0.17393040144492167	-0.45233927092855375
120M2I105M	5735	1750	3.58904299905	1.56210668385	0.435243234552	0	1	2	frame_shift_A	-1.2001062221784469	insertion	frame_shift_A_insertion	2529	1968	2.94136803271	1.32727158688	0.451242949579	0	1	2	frame_shift_A	-1.1480237040219035	insertion	frame_shift_A_insertion	-1.1740649631001752	-1.4524738325838071
120M8D97M	5457	693	3.41506672115	0.618594246806	0.181136796823	1	0	8	frame_shift_B	-2.464848444228269	deletion	frame_shift_B_deletion	3035	812	3.52987425041	0.547634414911	0.155142754688	1	0	8	frame_shift_B	-2.688331771657633	deletion	frame_shift_B_deletion	-2.576590107942951	-2.854998977426583
103M21D101M	5099	4206	3.19102532732	3.75441183559	1.17655344301	1	0	21	in_frame	0.23456685410607403	deletion	in_frame_deletion	2649	5640	3.08093472466	3.80376613313	1.234614321	1	0	21	in_frame	0.30406043121827714	deletion	in_frame_deletion	0.2693136426621756	-0.00909522682145647
117M8D100M	4796	1216	3.00140370069	1.08544098718	0.361644448873	1	0	8	frame_shift_B	-1.4673560879647647	deletion	frame_shift_B_deletion	2549	1496	2.96462914804	1.00894222255	0.3403266217	1	0	8	frame_shift_B	-1.555008085834347	deletion	frame_shift_B_deletion	-1.5111820868995558	-1.7895909563831878
113M15D97M	4302	3932	2.69225160975	3.50983056052	1.30367850754	1	0	15	in_frame	0.382588138922951	deletion	in_frame_deletion	2261	5440	2.62966908737	3.66888080926	1.3951872602	1	0	15	in_frame	0.4804587716823248	deletion	in_frame_deletion	0.4315234553026379	0.15311458581900583
117M42D66M	4138	3740	2.58961812207	3.33844514149	1.28916503674	1	0	42	in_frame	0.3664369669154518	deletion	in_frame_deletion	2614	5252	3.04022777284	3.54208860482	1.16507343182	1	0	42	in_frame	0.22042088739794385	deletion	in_frame_deletion	0.2934289271566978	0.015020057673065745
121M1D103M	3840	1444	2.40312556519	1.28896117228	0.536368632146	1	0	1	frame_shift_A	-0.8987032267177951	deletion	frame_shift_A_deletion	1735	2056	2.01790175435	1.38662112938	0.687159880995	1	0	1	frame_shift_A	-0.5412822859708494	deletion	frame_shift_A_deletion	-0.7199927563443222	-0.9984016258279543
102M20D103M	3426	562	2.14403859019	0.501659403614	0.233978719371	1	0	20	frame_shift_B	-2.09555077385667	deletion	frame_shift_B_deletion	1809	827	2.10396788105	0.557750814202	0.265094738006	1	0	20	frame_shift_B	-1.9154200611514163	deletion	frame_shift_B_deletion	-2.005485417504043	-2.283894286987675
120M4D101M	2703	2692	1.69157510487	2.40296639596	1.42054963391	1	0	4	frame_shift_A	0.5064492400771462	deletion	frame_shift_A_deletion	1431	3143	1.66433280143	2.11972286461	1.2736171893	1	0	4	frame_shift_A	0.34893171237494447	deletion	frame_shift_A_deletion	0.42769047622604534	0.14928160674241325
120M15D90M	2636	1124	1.64964557027	1.00331880723	0.608202649897	1	0	15	in_frame	-0.7173759927821628	deletion	in_frame_deletion	1364	1287	1.58640806509	0.867987059102	0.547139842642	1	0	15	in_frame	-0.8700184785031747	deletion	in_frame_deletion	-0.7936972356426688	-1.0721061051263008
120M1D104M	2462	1696	1.5407539431	1.51390453475	0.982573850636	1	0	1	frame_shift_A	-0.025362249915832247	deletion	frame_shift_A_deletion	1239	2085	1.44102609432	1.40617950134	0.97581820821	1	0	1	frame_shift_A	-0.03531569150742747	deletion	frame_shift_A_deletion	-0.03033897071162986	-0.3087478401952619
115M14D96M	2320	531	1.4518883623	0.4739877995	0.326462978703	1	0	14	frame_shift_B	-1.6150086972041067	deletion	frame_shift_B_deletion	1340	683	1.55849472671	0.460633381015	0.295563002635	1	0	14	frame_shift_B	-1.7584624047522874	deletion	frame_shift_B_deletion	-1.686735550978197	-1.965144420461829
120M1I105M	1983	285	1.2409890614	0.25440023137	0.204997964353	0	1	1	frame_shift_B	-2.286318511168413	insertion	frame_shift_B_insertion	951	342	1.10606603365	0.230653903817	0.208535382879	0	1	1	frame_shift_B	-2.261635903672146	insertion	frame_shift_B_insertion	-2.2739772074202795	-2.5523860769039115
122M5D98M	1960	239	1.22659534056	0.213339141395	0.173927891571	1	0	5	frame_shift_B	-2.5234387890135976	deletion	frame_shift_B_deletion	926	282	1.0769896395	0.190188306656	0.176592512761	1	0	5	frame_shift_B	-2.5015039185576176	deletion	frame_shift_B_deletion	-2.5124713537856076	-2.7908802232692396
122M6D97M	1850	616	1.15775580615	0.549861552716	0.474937417543	1	0	6	in_frame	-1.0741906727041564	deletion	in_frame_deletion	970	747	1.12816409321	0.503796684654	0.446563303765	1	0	6	in_frame	-1.1630633919836284	deletion	in_frame_deletion	-1.1186270323438925	-1.3970359018275245
122M1I103M	1655	351	1.03572208604	0.313313969161	0.302507760899	0	1	1	frame_shift_B	-1.7249559393864997	insertion	frame_shift_B_insertion	896	559	1.04209796651	0.377004480216	0.361774509049	0	1	1	frame_shift_B	-1.466837336912144	insertion	frame_shift_B_insertion	-1.5958966381493218	-1.874305507632954
115M6D104M	1651	874	1.03321883024	0.780160709536	0.755077904797	1	0	6	in_frame	-0.4053025934085143	deletion	in_frame_deletion	898	1343	1.04442407805	0.905754949786	0.86722909671	1	0	6	in_frame	-0.205514933012216	deletion	in_frame_deletion	-0.30540876321036514	-0.5838176326939972
