cigar	s1_reads-1	s2_reads-1	s1_rpt-1	s2_rpt-1	s2_s1_ratio-1	deletion_count-1	insertion_count-1	indel_length-1	frame_effect-1	log2_score-1	mutation_type-1	frame_mutation-1	s1_reads-2	s2_reads-2	s1_rpt-2	s2_rpt-2	s2_s1_ratio-2	deletion_count-2	insertion_count-2	indel_length-2	frame_effect-2	log2_score-2	mutation_type-2	frame_mutation-2	log2_score_mean	normalised_score
254M	29395	44625	229.998826337	253.352484983	1.10153816443	0	0	0	no_indel	0.13951948022270597	no_indel	no_indel	44749	46848	272.187585536	291.115170948	1.06953875349	0	0	0	no_indel	0.09698875782312626	no_indel	no_indel	0.1182541190229161	0.0
106M8D140M	29309	39493	229.325926216	224.216239539	0.97771866984	1	0	8	frame_shift	-0.03250869311927228	deletion	frame_shift_deletion	35950	34137	218.667315471	212.128555982	0.970097225209	1	0	8	frame_shift	-0.04379875037342803	deletion	frame_shift_deletion	-0.03815372174635015	-0.15640784076926625
108M7D139M	12905	17296	100.974140292	98.1957328913	0.972483970722	1	0	7	frame_shift	-0.04025362427487124	deletion	frame_shift_deletion	15472	15652	94.1090599434	97.2620956216	1.03350406093	1	0	7	frame_shift	0.04754405753168369	deletion	frame_shift_deletion	0.003645216628406226	-0.11460890239450988
109M30D115M	2136	2601	16.7129611518	14.7668305533	0.883555608084	1	0	30	in_frame	-0.17860715877215388	deletion	in_frame_deletion	2399	2125	14.5920136249	13.2048270634	0.904935220239	1	0	30	in_frame	-0.1441135742770872	deletion	in_frame_deletion	-0.16136036652462055	-0.27961448554753665
105M45D104M	1839	2307	14.3891084073	13.0976847699	0.910249919531	1	0	45	in_frame	-0.1356653867564157	deletion	in_frame_deletion	2534	2323	15.4131565342	14.4352062439	0.936550940222	1	0	45	in_frame	-0.09457062822792159	deletion	in_frame_deletion	-0.11511800749216865	-0.23337212651508477
104M24D126M	1824	2180	14.2717421071	12.3766592104	0.867214325868	1	0	24	in_frame	-0.20553950552951622	deletion	in_frame_deletion	1783	1761	10.8451689426	10.9429178629	1.00901313026	1	0	24	in_frame	0.012944948317149301	deletion	in_frame_deletion	-0.09629727860618346	-0.21455139762909958
102M23D129M	1367	2010	10.6959821603	11.4115068866	1.06689658935	1	0	23	frame_shift	0.09342034742575196	deletion	frame_shift_deletion	1590	1596	9.67123870928	9.91760187912	1.02547379682	1	0	23	frame_shift	0.03629062816021641	deletion	frame_shift_deletion	0.06485548779298418	-0.05339863122993192
106M21D127M	1204	2245	9.4206016979	12.7456880401	1.3529590199	1	0	21	in_frame	0.43611814184038267	deletion	in_frame_deletion	1608	1416	9.78072443052	8.7990753514	0.899634317878	1	0	21	in_frame	-0.15258939899165044	deletion	in_frame_deletion	0.1417643714243661	0.023510252401449994
109M3D142M	793	955	6.20476507179	5.42188511281	0.873826011151	1	0	3	in_frame	-0.19458204380879104	deletion	in_frame_deletion	938	761	5.70542258447	4.72888159775	0.828839849764	1	0	3	in_frame	-0.2708347269077483	deletion	in_frame_deletion	-0.23270838535826965	-0.35096250438118576
104M113D37M	743	817	5.81354407105	4.63840852059	0.79786245084	1	0	113	frame_shift	-0.325788043421439	deletion	frame_shift_deletion	933	796	5.67500988413	4.94637286703	0.871606035589	1	0	113	frame_shift	-0.19825190820388366	deletion	frame_shift_deletion	-0.26201997581266134	-0.38027409483557745
106M30D118M	739	792	5.78224639099	4.49647435534	0.777634512833	1	0	30	in_frame	-0.3628358450947985	deletion	in_frame_deletion	654	744	3.97798120495	4.62324298125	1.16220835219	1	0	30	in_frame	0.21686872771489862	deletion	in_frame_deletion	-0.07298355868994993	-0.19123767771286604
110M2D142M	691	1096	5.40667423027	6.22239380486	1.15087270656	1	0	2	frame_shift	0.20272827154972128	deletion	frame_shift_deletion	1043	792	6.34408929169	4.92151672197	0.77576410036	1	0	2	frame_shift	-0.36631008033662693	deletion	frame_shift_deletion	-0.08179090439345282	-0.20004502341636893
107M115D32M	574	675	4.49121708853	3.83222246193	0.853270368898	1	0	115	frame_shift	-0.22892514576552575	deletion	frame_shift_deletion	686	782	4.17262248715	4.85937635932	1.16458567107	1	0	115	frame_shift	0.21981677323843044	deletion	frame_shift_deletion	-0.004554186263547658	-0.12280830528646376
110M3D141M	505	665	3.95133210751	3.77544879583	0.955487590794	1	0	3	in_frame	-0.06569095827930438	deletion	in_frame_deletion	631	577	3.83808278337	3.58549892497	0.934190096292	1	0	3	in_frame	-0.09821194423240136	deletion	in_frame_deletion	-0.08195145125585288	-0.20020557027876898
102M18D134M	500	733	3.91221000743	4.16150972533	1.06372350089	1	0	18	in_frame	0.0891231924416548	deletion	in_frame_deletion	681	625	4.14220978681	3.8837726657	0.937608876805	1	0	18	in_frame	-0.09294186635807877	deletion	in_frame_deletion	-0.0019093369582119865	-0.1201634559811281
108M4D142M	499	632	3.90438558742	3.58809569769	0.918991123534	1	0	4	frame_shift	-0.12187716818842233	deletion	frame_shift_deletion	570	620	3.46704783918	3.85270248437	1.11123430165	1	0	4	frame_shift	0.1521630383201363	deletion	frame_shift_deletion	0.01514293506585699	-0.10311118395705912
103M45D106M	474	769	3.70877508705	4.3658949233	1.17717974825	1	0	45	in_frame	0.23533462803092778	deletion	in_frame_deletion	470	566	2.8587938323	3.51714452606	1.23028967193	1	0	45	in_frame	0.2989980383732518	deletion	in_frame_deletion	0.26716633320208977	0.14891221417917366
108M114D32M	463	792	3.62270646688	4.49647435534	1.2411920194	1	0	114	in_frame	0.31172632578763393	deletion	in_frame_deletion	691	835	4.20303518749	5.18872028137	1.23451744987	1	0	114	in_frame	0.3039472290793092	deletion	in_frame_deletion	0.3078367774334716	0.1895826584105555
110M11D133M	462	815	3.61488204687	4.62705378737	1.28000131882	1	0	11	frame_shift	0.35614529667378586	deletion	frame_shift_deletion	671	489	4.08138438612	3.03866373364	0.744517900342	1	0	11	frame_shift	-0.4256215591435454	deletion	frame_shift_deletion	-0.03473813123487976	-0.15299225025779586
102M96D56M	442	679	3.45839364657	3.85493192837	1.11465967219	1	0	96	in_frame	0.15660329383119748	deletion	in_frame_deletion	665	607	4.04488914571	3.77192001293	0.932515052218	1	0	96	in_frame	-0.10080108202887106	deletion	in_frame_deletion	0.02790110590116321	-0.0903530131217529
101M21D132M	430	568	3.36450060639	3.22474423463	0.95846148118	1	0	21	in_frame	-0.06120764111310889	deletion	in_frame_deletion	497	399	3.02302241416	2.47940046978	0.820172704697	1	0	21	in_frame	-0.2860003632358062	deletion	in_frame_deletion	-0.17360400217445754	-0.29185812119737364
111M7D136M	398	433	3.11411916592	2.45829974225	0.78940451899	1	0	7	frame_shift	-0.341163316844841	deletion	frame_shift_deletion	410	424	2.49384142818	2.63475137641	1.05650317083	1	0	7	frame_shift	0.07929709716764925	deletion	frame_shift_deletion	-0.13093310983859588	-0.24918722886151198
107M9D138M	391	735	3.05934822581	4.17286445855	1.36397171899	1	0	9	in_frame	0.4478137313885779	deletion	in_frame_deletion	537	473	3.26632401691	2.9392391534	0.89986147675	1	0	9	in_frame	-0.15222516254180998	deletion	in_frame_deletion	0.14779428442338394	0.029540165400467833
109M54D91M	367	541	2.87156214546	3.07145533616	1.06961130582	1	0	54	in_frame	0.09708661994951666	deletion	in_frame_deletion	451	508	2.743225571	3.15673042268	1.1507367298	1	0	54	in_frame	0.20255780561883197	deletion	in_frame_deletion	0.14982221278417432	0.031568093761258215
110M1D143M	338	482	2.64465396502	2.73649070615	1.03472542811	1	0	1	frame_shift	0.04924798892600791	deletion	frame_shift_deletion	325	434	1.97682552234	2.69689173906	1.36425380419	1	0	1	frame_shift	0.44811206663772846	deletion	frame_shift_deletion	0.24868002778186818	0.13042590875895207
109M2D143M	329	319	2.57423418489	1.81107994868	0.703541254835	1	0	2	frame_shift	-0.5072930709979838	deletion	frame_shift_deletion	359	344	2.18363188468	2.1376284752	0.978932616895	1	0	2	frame_shift	-0.030718537016613406	deletion	frame_shift_deletion	-0.2690058040072986	-0.3872599230302147
103M8D143M	293	564	2.29255506436	3.20203476819	1.39671008037	1	0	8	frame_shift	0.4820325869464977	deletion	frame_shift_deletion	460	351	2.79796843162	2.18112672906	0.779539434544	1	0	8	frame_shift	-0.3593060885364043	deletion	frame_shift_deletion	0.06136324920504671	-0.056890869817869394
107M7D140M	264	289	2.06564688392	1.64075895037	0.794307566863	1	0	7	frame_shift	-0.33223034788608136	deletion	frame_shift_deletion	398	346	2.42085094736	2.15005654773	0.888140820929	1	0	7	frame_shift	-0.17113965080216034	deletion	frame_shift_deletion	-0.25168499934412086	-0.36993911836703697
100M20D134M	264	265	2.06564688392	1.50450215172	0.728344308715	1	0	20	frame_shift	-0.45730748093660983	deletion	frame_shift_deletion	259	311	1.5753778778	1.93256527845	1.2267312533	1	0	20	frame_shift	0.29481922455244036	deletion	frame_shift_deletion	-0.08124412819208474	-0.19949824721500084
105M7D142M	253	250	1.97957826376	1.41934165257	0.716991936389	1	0	7	frame_shift	-0.47997120106062563	deletion	frame_shift_deletion	204	233	1.24083817402	1.44787044977	1.16684873184	1	0	7	frame_shift	0.22261754479043303	deletion	frame_shift_deletion	-0.1286768281350963	-0.2469309471580124
109M64D81M	251	331	1.96392942373	1.879208348	0.956861445881	1	0	64	frame_shift	-0.06361805817174737	deletion	frame_shift_deletion	381	283	2.31744776619	1.75857226303	0.75884008636	1	0	64	frame_shift	-0.39813220255701665	deletion	frame_shift_deletion	-0.230875130364382	-0.3491292493872981
111M10D133M	245	260	1.91698290364	1.47611531867	0.770020074705	1	0	10	frame_shift	-0.37703203700212623	deletion	frame_shift_deletion	273	260	1.66053343876	1.61564942893	0.972970125873	1	0	10	frame_shift	-0.03953258578696512	deletion	frame_shift_deletion	-0.20828231139454567	-0.3265364304174618
106M32D116M	238	379	1.86221196354	2.15172194529	1.15546564377	1	0	32	frame_shift	0.2084743638301909	deletion	frame_shift_deletion	280	263	1.70311121925	1.63429153773	0.959591786642	1	0	32	frame_shift	-0.059507285548601616	deletion	frame_shift_deletion	0.07448353914079464	-0.04377057988212146
100M25D129M	234	228	1.83091428348	1.29443958714	0.706990818097	1	0	25	frame_shift	-0.500236616446667	deletion	frame_shift_deletion	264	211	1.60579057815	1.31116165194	0.816520952224	1	0	25	frame_shift	-0.2924381885470172	deletion	frame_shift_deletion	-0.3963374024968421	-0.5145915215197582
110M16D128M	221	299	1.72919682329	1.69753261647	0.981688488905	1	0	16	frame_shift	-0.02666279622219281	deletion	frame_shift_deletion	370	299	2.25053982543	1.85799684327	0.825578300048	1	0	16	frame_shift	-0.27652304421409707	deletion	frame_shift_deletion	-0.15159292021814494	-0.269847039241061
110M8D136M	220	350	1.72137240327	1.9870783136	1.15435701759	1	0	8	frame_shift	0.20708948728390322	deletion	frame_shift_deletion	258	214	1.56929533773	1.32980376073	0.847389097998	1	0	8	frame_shift	-0.23890352691885627	deletion	frame_shift_deletion	-0.015907019817476525	-0.13416113884039263
107M51D96M	211	232	1.65095262314	1.31714905358	0.797811539304	1	0	51	in_frame	-0.3258801046081098	deletion	in_frame_deletion	192	210	1.1678476932	1.30494761567	1.11739537893	1	0	51	in_frame	0.1601397590464639	deletion	in_frame_deletion	-0.08287017278082294	-0.20112429180373903
110M51D93M	198	303	1.54923516294	1.72024208291	1.11038151215	1	0	51	in_frame	0.15105545235918116	deletion	in_frame_deletion	232	197	1.41114929595	1.22416514423	0.867495131624	1	0	51	in_frame	-0.20507243356720778	deletion	in_frame_deletion	-0.027008490604013308	-0.1452626096269294
103M7D144M	194	221	1.51793748288	1.25469802087	0.826580827615	1	0	7	frame_shift	-0.2747721938237626	deletion	frame_shift_deletion	214	201	1.30166357471	1.24902128929	0.959557687222	1	0	7	frame_shift	-0.05955855311770586	deletion	frame_shift_deletion	-0.16716537347073424	-0.28541949249365034
108M83D63M	183	144	1.43186886272	0.817540791879	0.570960660689	1	0	83	frame_shift	-0.8085367478702598	deletion	frame_shift_deletion	182	141	1.10702229251	0.876179113381	0.79147377547	1	0	83	frame_shift	-0.33738654569504584	deletion	frame_shift_deletion	-0.5729616467826528	-0.6912157658055689
110M12D132M	180	246	1.40839560268	1.39663218613	0.991647647489	1	0	12	in_frame	-0.012100502017983338	deletion	in_frame_deletion	245	206	1.49022231684	1.28009147061	0.858993625413	1	0	12	in_frame	-0.21928066971591278	deletion	in_frame_deletion	-0.11569058586694807	-0.23394470488986419
103M19D132M	176	245	1.37709792262	1.39095481952	1.01006239039	1	0	19	frame_shift	0.014444409339721815	deletion	frame_shift_deletion	230	178	1.39898421581	1.10609845519	0.790643984894	1	0	19	frame_shift	-0.33889987787389136	deletion	frame_shift_deletion	-0.16222773426708478	-0.28048185329000086
101M40D113M	171	248	1.33797582254	1.40798691935	1.05232612998	1	0	40	frame_shift	0.07358188446787924	deletion	frame_shift_deletion	199	182	1.21042547368	1.13095460025	0.934344678665	1	0	40	frame_shift	-0.09797323824048326	deletion	frame_shift_deletion	-0.012195676886302013	-0.13044979590921812
111M8D135M	160	179	1.25190720238	1.01624862324	0.811760345581	1	0	8	frame_shift	-0.3008742286518926	deletion	frame_shift_deletion	220	201	1.33815881512	1.24902128929	0.933387932116	1	0	8	frame_shift	-0.09945128024113413	deletion	frame_shift_deletion	-0.20016275444651338	-0.3184168734694295
109M78D67M	134	122	1.04847228199	0.692638726453	0.660617107719	1	0	78	in_frame	-0.5981137639230525	deletion	in_frame_deletion	231	129	1.40506675588	0.8016106782	0.57051430108	1	0	78	in_frame	-0.809665043888566	deletion	in_frame_deletion	-0.7038894039058092	-0.8221435229287253
107M84D63M	130	187	1.01717460193	1.06166755612	1.04374170777	1	0	84	in_frame	0.06176473583184363	deletion	in_frame_deletion	181	100	1.10093975244	0.621403626512	0.564430183517	1	0	84	in_frame	-0.8251329552052905	deletion	in_frame_deletion	-0.38168410968672345	-0.49993822870963955
