37	0.3536050795
38	0.06678578574999999
39	0.08749967133333332
40	0.181947748
41	-0.11086371866666667
42	-0.00013018685714284915
43	0.1729398765
44	0.11725436049999999
45	-0.0488516596
46	0.13467098549999998
47	0.032524706
48	0.19319312579999998
49	-0.0363095746
50	0.090437246
51	0.0823685525
52	0.01938439357142857
53	0.020217447428571435
54	-0.04121221222222222
55	0.043424480142857144
56	-6.67140000000066e-05
57	0.10180731283333333
58	0.0795506088
59	0.142610624
60	0.0394816178
61	-0.034258427000000015
62	0.006007500833333336
63	-0.021528495800000002
64	-0.0005522446666666644
65	-1.2997088321999999
66	0.01851141883333335
67	0.05919335387499999
68	-0.5844576295999999
69	0.030719922
70	-0.12733683671428572
71	-0.1036938602
72	0.038975684600000005
73	-0.024782417333333324
74	-0.661858669
75	-0.19292729099999997
76	-0.5483876533750001
77	-0.0014733142857142844
78	-2.727782876625
79	-0.3368032271666667
80	-1.488085315
81	-0.013228798000000005
82	-0.4657137648333333
83	-0.03856871833333333
84	-0.481932507
85	0.031492835250000004
86	-2.1506126768000002
87	-0.5919952445000001
88	-2.761070226333333
89	-0.9349694933333333
90	-0.619982635125
91	0.10496284724999999
92	0.007134366375000001
93	-1.0672981906666668
94	-0.01668294228571428
95	0.0020396951666666607
96	-0.45510835271428574
97	-0.06768592816666667
98	-1.1298436766666666
99	-0.004835086666666664
100	0.03201251833333333
101	-1.2307643687999998
102	-0.03492995766666667
103	-0.09131701616666667
104	-0.008404869666666663
105	-0.5190937958333334
106	-0.0361389775
107	-0.6345842158333334
108	-0.019713196333333335
109	-0.1266999955
110	-0.32708115425
111	-2.237843186
112	-1.1449367304
113	-0.004347636250000001
114	-1.6296915996666668
115	-2.641874606875
116	-0.11344263116666668
117	-2.6559422337142857
118	-0.8622013658333333
119	-0.792400972875
120	-0.6280781553333333
121	-1.2520430165714287
122	-0.4393877725
123	-0.09620096733333333
124	-0.6336549446666667
125	-0.11349288325000001
126	-0.15546319925000002
127	0.011600539666666666
128	-1.5321761316666667
129	-0.38266063933333333
130	-1.4902861801666667
131	-1.768728717
132	0.07856409583333333
133	-0.5463781543333334
134	-0.12953017342857143
135	-0.012119736800000004
136	-1.197046714875
137	-0.01878902616666667
138	-0.3071368956666667
139	-0.07154491316666668
140	0.023798788833333338
141	-0.09446433075
142	0.025469552
143	-0.130385926125
144	-0.0883341236
145	0.056599957857142856
146	-0.16462205733333332
147	-0.07260179785714285
148	0.006734006124999997
149	-1.3013756388000002
150	-0.14316100712500002
151	-1.884379378142857
152	-0.7135586466666667
153	-1.2767136791999998
154	-0.7555850096666666
155	-1.6964951723333332
156	-0.6822928436666666
157	-0.34700916416666666
158	-2.27245956175
159	-0.7524023272857142
160	-0.076666715
161	-1.0681731349999999
162	-1.145745813142857
163	-0.8505282183333334
164	-1.2642804271428572
165	-0.7581118996666666
166	-1.0968765656666666
167	-2.24663851475
168	0.05374043357142857
169	-0.48018818999999996
170	-0.7503469203333332
171	-0.03343065357142857
172	-0.029321305599999993
173	-0.062394938999999996
174	-0.091075036125
175	-0.7355031913333333
176	0.021870438142857145
177	-0.0259084955
178	-1.322718381
179	0.0006518982499999987
180	-0.35270632599999996
181	-0.038650830000000004
182	0.015138531833333331
183	-0.14237071939999998
184	-0.9852002619999999
185	-0.10284842350000001
186	-0.08779915828571429
187	-0.13446789412500001
188	-1.5049918353999998
189	-0.06891896442857143
190	-0.015021586714285709
191	-0.06052199725
192	-0.17306055350000002
193	-0.068809462
194	-0.27019592783333335
195	-0.013940426428571425
196	-0.04871992485714286
197	-0.05962733562500001
198	-0.2450088128
199	-0.0018572102857142875
200	-0.0456898722
201	-0.0620649054
202	-0.1394749825
203	0.030190940857142856
204	0.0898833686
205	0.057222127600000006
206	0.04431471085714286
207	0.06385323799999999
208	0.074393688125
209	0.05632519057142856
210	-0.05673970575
211	-0.06638372125
212	-0.0352533534
213	-0.01168382414285714
