37	0.3536050795
38	-0.065021307
39	0.094288215
40	0.17911349799999998
41	-0.11086371866666667
42	0.055275337000000015
43	-0.016326695
44	-0.085820482
45	-0.03575209633333334
46	-0.012225782666666676
47	-0.05885479266666666
48	0.2963144625
49	-0.231658302
50	0.087768915
51	-0.096569045
52	0.12276873066666667
53	0.004401580666666673
54	-0.10013251033333333
55	0.05332251366666666
56	-0.014241271000000007
57	0.058636585
59	0.14050239733333333
61	0.020683912666666665
62	0.10688992133333335
63	0.1719259215
64	-0.235637198
65	-0.876565968
66	-0.14801237533333333
67	0.156523803
68	-0.733950003
69	0.131454888
70	-0.014415176666666666
71	-0.15709575
72	0.137711096
73	-0.070300467
74	0.1608454725
75	-0.064930904
76	-0.914642206
78	-2.245337016
79	-0.050802091
80	-0.08994128650000001
81	0.081041495
82	0.28473095
83	-0.07749465999999999
84	-0.02974972866666667
85	-0.18484266000000002
86	-1.4138620655
87	-0.01627335233333333
89	-0.068084464
90	0.18771514
91	0.373108138
92	0.003312546666666675
93	-0.3396304665
94	0.053614937666666675
95	0.059733662333333326
96	-0.192544286
97	-0.10548208799999999
98	0.004584085
99	0.013186777333333335
100	0.08126485133333332
101	0.041616527
102	-0.06141851
103	0.006251503000000003
104	0.0765490615
105	-0.9394218533333333
106	-0.0016507955000000015
107	-0.025193486
108	0.02692462
109	-0.09350000933333334
110	0.118142159
111	-1.0907575765
112	0.08502513
115	-3.020336825
116	0.158379089
118	-0.1180530535
119	-0.558527066
120	-0.324100331
121	-0.7957646433333334
122	-0.51151817475
123	-0.281999908
124	-0.5782603656666666
125	-0.136955421
126	-0.14118992466666666
127	-0.058981812
128	-0.16208827650000002
129	-0.151972333
130	-1.220883328
131	-0.349572024
132	0.248308758
133	-0.78923106525
134	-0.013964758999999998
135	0.063534073
136	-0.080192319
137	-0.06102861633333334
138	0.16387137333333332
139	-0.06840577666666668
140	-0.036238233499999994
141	-0.216645059
142	0.0279131765
143	0.053339861
144	-0.174159668
145	0.032489046
146	-0.04113784533333333
147	-0.05055224333333333
148	0.135912066
149	-1.1857737686666667
150	-0.120754583
151	-0.8738807963333333
152	-1.1582138656666665
153	-0.118854637
154	-0.47884756433333336
156	0.071167894
157	-0.1436666195
158	-1.701411937
159	-0.303522928
160	-0.14008760066666667
163	-0.0693513435
164	-0.834270614
165	-0.130441795
166	-0.08725155799999999
168	-0.050100402
169	-0.015473060999999998
170	-0.042783234499999996
171	0.090183996
172	0.010088664500000004
173	-0.040553075333333334
174	-0.035936813
175	0.020390557
176	0.042427914
177	0.008112636
178	-0.227740009
179	0.060141158
180	0.020328740333333335
181	-0.16471915950000002
182	0.164571956
183	-0.12690105966666668
184	-0.079601273
185	0.024539593
186	-0.056380412
187	-0.061662253666666667
188	-0.2156603275
189	-0.036035270333333334
190	-0.025772328333333334
191	0.122715303
192	-0.04072845266666667
193	-0.118993888
194	-0.23791797533333334
195	-0.037043946
196	0.100455386
197	0.048203145
198	-0.0379644815
199	0.07304699633333332
201	0.010943649
202	-0.14308913966666667
203	-0.172805787
204	0.0878982115
205	-0.026088559
206	0.0076582676666666705
207	0.04685376875
208	0.093090826
209	-0.007371926
211	-0.041399268
212	-0.129402669
213	0.1274987565